503861903
503620750
503501105
702236424
505032686
504603298
702147777
772700550
503695299
702313198
773245044
552252877
702309500
504015144
502660444
772711140
702510203
558603080
702300180
509771799
503390911
504905654
556464931
555647671
707313155
552556354
555259384
552803493
552803493
556803988
553014111
553014111
557716269
557716269
552424001
502508660
552066391
555259304
555259310
552241445
707372373
556622155
553361001
505361001
506241213
558550849
554251955
702011816
557470727
505106985
554251955
553259945
552149017
558512240
555259377
555754425
552031516
555800828
554251714
515881088
555765834
502043075
513115128
503224601
772716271
555259337
502257712
558546349
506604228
774550072
554250638
559794090
555256544
508665590
555604001
772771011
555259376
517097919
555765834
504816691
508896246
772508000
505697535
773551504
502871919
772508021
773551507
555253555
555253552
503998891
503518429
772283783
503469522
703161815
994702261
515151341
702261809
773551518
773551522
552517779
556369807
553111624
773551523
773551528
702661208
702261653
773551508
773551530
777109009
773550067
502894994
702352420
503804023
503107624
773551521
773550084
704400809
773551527
554895503
505083931
773550049
773550063
702261643
773550113
552559403
773551571
773550114
773337000
552850503
773551512
557891257
702047764
506449290
709902110
773551592
773551593
517943937
506364987
519350050
554510171
502258395
508600301
507505537
773550043
506649591
514146660
555651161
702272711
505500036
773551514
773551528
559043087
555259305
702121210
772283783
773551594
505376228
773551529
773551534
503101434
773550133
773550072
773550177
504614416
774550094
509813419
705632979
505201659
559033386
504060198
554250607
552087010
507341499
554935844
774550003
772209001
773551547
509777544
772200763
557981849
772207004
772206663
509726497
772207494
507907670
505909142
505519610
554194715
502657027
554911996
517063075
503225202
503111408
503111408
702501426
556000072
772209404
557504065
504606165
553502815
773551522
503095439
552650153
555253550
516366355
506790889
506650334
503619308
507424279
557801994
503953487
506742299
703266396
557745877
703750167
552049357
555659646
777276257
553889958
503699488
552255331
503637599
506467078
558941558
503517467
555463770
557603047
775305371
505699277
504772810
557048454
505324656
558496327
503987071
503392494
552179593
503620552
552004506
506270325
503687600
503529208
502355076
502019165
502157882
773103031
552002794
516600366
503378726
514041343
503958726
707360602
502258800
503260571
516299635
552004356
515659290
552139277
504772810
503415957
503529208
552001093
705079601
777606420
775305371
559995889
705942909
503422585
502572021
503422585
703750167
552067238
703191208
552006835
555605252
515143130
554145470
505158909
554145472
558646544
515659290
705121810
557606137
508878864
556413397
706442446
502040167
552055922
502461000
556793014
503724835
708476419
502550599
515449209
509662166
504098593
502778174
502778173
502778168
556253327
502778193
552157390
504090442
515836557
552710380
513274573
558472664
552551887
559095211
709672400
554145524
506877828
513660313
703174462
558340824
519145087
559095223
513540016
507230787
554000770
559889523
554008023
503544028
707250717
507858241
557308919
557065259
556612607
552027702
557674765
518608526
554008017
505979154
552795065
556545861
776250924
555807589
505888516
557295587
559095208
519889532
776358000
503376885
503683151
556020244
515118451
556766875
706815350
553539970
777470519
706061353
503564847
556088962
515117565
554008062
552710332
557838843
555762357
709065022
773737074
505245152
557809649
506142669
708961564
504162622
506366255
556053625
503213454
559070616
513903169
502575906
555455161
555326409
555327776
707127551
555433167
558367447
559497055
709484148
552710376
502502568
552710365
702080007
706137071
706546393
552710329
557666331
706219350
705838208
703799646
552851532
702985050
706988079
556696336
709020019
553845201
709073844
559095207
557026619
702020730
553722558
514558448
515576662
703613181
554145552
707112123
517908090
505111753
553236967
553920386
506460135
514393837
559992471
503997713
558989316
504077340
552068804
505757545
552551148
703506220
558440621
552710354
505407203
559095220
504233359
506402136
519238095
556657757
552710335
552170956
556062975
702080881
702182858
507321856
552031364
502105666
554008030
503081379
708702085
554145540
555756037
518125152
505504184
554260293
706347140
506339407
557668380
552170974
704325222
554008038
513771029
558646209
557597883
557668584
504267273
555312706
504294226
504978010
705061916
703127290
505425020
553721570
513623062
505134040
557222877
515150892
554387552
502459659
552710360
706690108
553504722
554420202
506303617
558960631
552710364
703284210
557731392
552156970
556829212
507297227
553046996
556362121
508521777
519690169
554083108
702333545
555436374
558362367
506631201
556005872
707119910
709465535
552372381
707168595
553666777
552031294
999988811
554145577
554145558
554510140
508831093
518856988
702228373
705367721
555139944
554145568
552714575
518110021
557538920
704555535
707457006
558340069
506938010
516127216
515744183
552823430
706693355
553934923
506428575
702704002
556467606
706218090
552802545
559095202
553095039
702827212
557997304
555475617
555477706
505240414
556831135
555454041
777299888
504466578
502823236
777600863
554195751
557928130
776107772
559272384
555675062
553782125
556122768
557988294
559095224
503984445
500000000
503099130
709028082
703261716
517230855
558173785
505177136
705996652
504411112
518502257
552220304
503472526
557450845
503362544
706444553
552697495
554008033
705465846
506776896
505450066
703385935
557970077
554008025
557831212
557515065
558904966
702650086
554186057
506417174
556774508
558822694
554008007
504196643
503092152
702903300
506697200
777623964
554805051
506804805
505601430
503830982
552307619
507995252
554322718
706367977
703398900
552210309
506314090
552565474
556889189
505069993
552467845
503473929
513205887
559525037
703807082
702638889
505282258
774188881
504220888
555414550
554145541
552032579
555291810
554008012
557754214
558615380
557573389
708268449
552575824
559586130
554784563
504828205
552855785
513650706
506536122
554126531
703612545
555395599
506119013
517703334
559279118
558357525
558565558
506805250
554158997
707278650
552551192
556095289
553879886
506827300
504668822
704329886
559257505
519199992
519408000
703064306
554820553
706626113
554819765
554021303
503690615
553301265
556003412
515603864
702696866
552772723
552856136
504669285
558815738
506229423
514015177
559357884
707498790
552251464
552900527
502577384
559236158
559095244
552623388
555331778
556901797
555703827
553719932
558457013
559242970
552640066
555491662
708340404
556431623
506475846
552887087
773309191
557677464
507444488
702868393
705353510
559095227
513919090
554008051
504666960
506825495
558966056
552885564
555336873
554819715
556113313
555665259
507262241
706651963
503806176
556872214
552065919
503640399
552096484
552246560
517626820
552710363
552710393
552710379
554145577
555055525
556311329
552394283
552059970
557888874
508640786
555054254
553891820
559523656
505447017
508547238
558195661
558872990
555058750
552020688
555713083
556604358
507774157
559930743
559804428
505659618
559095235
515662357
555865808
557219091
558566010
556319270
559095247
554145588
506157713
556696962
557250607
505560488
559095219
503387615
556119461
559342305
706505109
559896336
505727743
707270777
552552116
556446968
558391444
553047344
502139614
708116179
709707520
552551149
504554648
556656086
557788797
706091471
558576446
702912416
556716565
503359215
505147929
513639969
552710341
505155838
552710313
703720516
557867416
705280702
555607670
505046915
503717612
555771617
505647054
556417475
518480700
559879127
552170941
559362125
553893933
552840085
556090419
555052087
505945494
552552273
554145535
556056766
559514147
554008059
502502297
552710325
557873666
556524013
774857300
555195990
552435455
552551134
552551126
519329005
558745254
552731314
702503270
708511600
559888582
552534698
706086032
552340001
505102669
552103792
505491973
554145569
708675966
556938483
515117311
553531404
557666163
559408721
555545485
995666565
504896400
708802634
505428130
519324171
702682800
552134502
504291323
506441665
553404388
503083457
555552195
515355396
552048650
557589150
506477813
556882955
517979640
505603024
552560939
554063073
558238162
552171391
552192928
703376575
515225355
554145567
556365512
557935240
707544114
553712010
506911878
508955326
706213338
558257269
704419777
509943454
557687776
705001995
513197743
506361266
557722938
556594459
772190693
559330993
556019991
558032204
704319138
557613033
775421136
507461666
556673033
559903374
556894039
706922131
775382518
502120648
504900499
558513480
705573273
506055094
504875312
554409440
517545556
555001107
504410553
702500471
552015059
558757675
552896117
558635362
506113738
558900099
552545449
558056809
559136818
704333532
702011271
702250419
558318074
503698228
702261648
557468383
705709393
702261625
513285440
702502108
552552273
517020717
559224630
557595991
514802549
519170717
703557172
702165800
503946468
773338000
504332356
709559195
552253522
705033373
702508768
706007037
552545428
505113813
555001150
772124141
555001170
555151664
702994948
705654585
702994915
505602040
519111660
556793216
702261621
703909390
702261620
503930394
553627241
702994926
702686570
702471014
555511954
504666090
514399595
702279700
708863419
703327383
702994910
500000000
554617611
517274141
506927972
708975657
555001156
552170953
702994941
553688949
515751302
559903360
519760293
554607032
777104070
559744945
556963695
552404030
519140939
998253513
517711223
559095231
774080091
502828080
702994915
558579256
774082200
558684043
502204745
555001125
518860091
555001129
503934006
559205019
554145589
502250658
706609596
555001132
504347389
555001126
558861952
702480084
554145532
555001135
774404511
554493666
552707909
505433431
507282818
507514849
774100898
709914377
555101246
514473690
709568636
555900981
505538028
506003166
509707277
507550150
556740922
512075765
552128727
772773404
559518670
555602335
503161552
503093371
506670272
772775020
775352206
702994980
555001158
502259928
557068332
555513366
503009225
774431666
558166363
707294858
503451711
772771122
552245768
702994977
555155738
704020220
503166842
772771108
702994971
555001175
775958535
502225298
555001164
552225666
502254552
772337201
502300722
772337202
552091318
559095234
557633024
518777671
555001189
504476677
552710350
555001127
702994953
554251526
558515387
555552448
554251877
556627672
516630491
552917190
556790079
515413867
554427620
505536025
517063200
552420350
555663960
557017691
702145304
506708256
559331514
772957409
708999380
502452547
559797272
503388673
554251215
502760095
556718617
558171716
552402090
506697472
702053500
555155764
775941998
503556507
553556977
558659340
702130041
513742255
504604644
775455454
772770133
772258030
557040666
772771371
774700345
772258030
772504455
774770665
774770598
702090289
559904427
702994954
558653360
553040929
556686993
508995520
518074363
503831800
554719125
555001129
557723619
513205887
709090289
505630800
506877282
559095239
506306394
558799164
503375537
502788979
552245768
552067736
557108887
504167452
553690208
555214204
772771122
506252975
554708086
508541404
557422297
555454041
553189490
505989685
514315404
514786374
557779422
558363534
507960669
509794545
504248990
505531933
552017580
555414175
555429491
554391991
514686570
506095968
557417337
557179667
559005102
504370890
556831135
557718550
507668130
517388644
552710365
554483932
518502257
504992328
507982540
703225500
502163233
555135926
709453515
552066278
773084575
555012575
554310003
708445827
558932510
517307300
552710376
503622565
555819317
509910999
553396239
556452921
518808284
555400543
519425192
555001161
706265916
552096484
554780166
553301275
554390658
708487919
518121789
558682519
559099506
773030790
552721316
555867700
997250607
553709362
773556062
552156920
552802544
703868393
505945494
515060572
504468468
552247855
552013774
502115393
555006374
502778145
512293413
512293415
512293414
512293412
702293415
512293414
556060667
518254332
772779119
774494000
772771374
558220576
772771058
772776381
772772130
772776385
772772009
776390329
772775953
772203021
552748090
772776335
507859731
772771119
555257914
507434342
502359557
505123600
553552407
503685661
508809388
505188355
502454884
557771557
502475448
512295833
703816162
502409819
772715554
517792121
505630031
556478787
556686234
774490003
553355905
554284141
506111063
507951971
554561449
502289225
708237134
559073007
552602844
554051828
502839696
555016613
503501925
555793742
707540680
513619320
557143009
553562719
552949279
503664474
557919110
505863355
702342924
502252566
502505685
503104806
502505553
502550601
507824348
502506162
502506162
502359855
702224426
502505681
502505681
502118570
503420808
502430045
502434339
505232350
502202761
509740387
517656571
502203474
503187030
502740904
502506116
502167501
505950125
505280125
502251584
502203500
512357889
502051010
516604122
502872958
502872958
505002000
505002000
502203590
503316325
503309400
513244344
512252941
558290534
512252942
512252942
515855548
502006848
502241057
502054007
557387161
503149699
503617073
509887817
509887817
508927911
502640088
512011503
507103848
512155334
557400066
515222110
512779719
502203561
502203561
773147847
772203061
514870022
502682530
703080824
502682530
502682530
502258148
503222775
502851903
503254513
503883903
559829141
502207800
505750173
503162021
556968050
512329484
512335109
512335109
502872957
502872957
503109183
502203435
502203484
502203484
502107716
502201162
502203463
502550609
552000713
512355633
512355633
507134455
503116255
512066461
552555428
503166315
506721922
503228088
514120123
555001950
512771126
772250606
505001917
518500010
552003963
772707547
518830380
505020055
772250606
707006900
502255481
553000913
772203052
702011117
503777791
502504421
502662639
502894044
507809191
507509590
507509590
503616022
503633806
553850003
512251746
554609957
554609957
555001926
555001926
512251742
512251742
512251738
512251738
502250799
514660333
514660333
503085558
553110860
503924515
502022235
552269470
556008005
552664264
553907505
502914068
512051894
506842878
506636344
512051895
512051895
552529100
508003601
512505870
502254807
558918155
514752233
553777667
506801060
503745243
503745243
552001093
502157417
503169816
503113277
509774250
503808858
503808858
506215512
504614549
505878917
504291049
514512101
502256900
505252207
507696369
505461020
552250235
552250235
553107826
558758747
504795787
504795787
503300077
503300077
502550901
503292497
552987700
506767501
503317093
503281716
503281716
503498308
506634116
503958840
503958840
505835585
505835585
503030202
503030202
555300927
559038072
506642737
506043727
552584111
552584111
505204328
505204328
502461032
503410252
703410252
506143513
555299431
517250516
552411414
552515028
559095575
559095575
557453525
557453525
507700036
557055518
557055518
557050665
555483271
517030306
502519353
557145289
555446031
505314225
502518757
502519344
517606202
558848027
502519331
502519331
506676238
503726400
556538008
515588646
502464071
502461022
555545442
502714220
552790450
556536768
558955448
503203043
502518778
772251144
502103245
552332903
552023238
505322135
503061449
516312175
555724485
702005207
502897515
504914554
556929695
558230708
507807288
708702007
504285851
558419340
502097352
556344473
506423302
504021199
512011449
554898555
502262297
502310464
515151978
507017190
552077757
502004250
503564021
558260282
555500044
505111719
515047726
518738386
506617716
505328514
504491033
504621218
503721323
512058101
708168672
702182909
502753001
776331222
507550753
505212719
502507602
506662640
512058100
552039515
555998854
507036900
517259372
506208655
553599959
503253455
552616501
557700057
506498959
503678037
558151213
559389960
556655951
558664433
552121213
507976854
553006286
557352250
557774000
502425505
556078778
503336235
502553772
503888775
506700209
773598056
558709005
558244275
505354122
502148843
552510101
503413141
556470001
705434998
506149432
552808486
505300474
503257738
506711799
503522231
503139025
553910060
557527772
503453646
552600069
512052645
558496466
504752631
558278433
502186456
517014013
506895339
557873077
515139630
505211687
555901472
512060041
706064801
515630567
517877788
506466606
772011316
555901427
505543356
556893535
507195340
514448808
513189756
518957447
516016713
519463716
504679932
558171844
517101194
507027214
556205130
552464182
515636733
555909468
502225090
512771870
512304163
512304162
512771867
512771869
512304167
512771868
502225090
502270297
504225892
506435131
553842965
515922287
998330041
772203439
502461034
707050514
552095209
502001335
518898378
505548226
552424720
502050760
508750423
502916291
502731335
502114176
502851666
502183480
555505151
502114773
502501913
504902373
508255815
504130104
502090036
502108839
553333518
502544777
502113411
502207707
502114783
502575772
557747444
503210099
504070409
558187600
557765005
506360000
506260666
503031653
502121163
703857656
505445851
558705015
554351199
707809500
703887312
506213900
555375553
557230020
503780048
503422404
772778099
707345253
705626130
772203176
503537050
554002845
502855590
505214406
503505883
554423500
512263928
502070127
505007444
557871043
502281152
502281153
502816791
502281157
502816792
502283702
505976971
557597767
707225996
513460236
507484464
552742632
502903545
505581178
514163481
514163481
553345612
502901699
516312457
554625367
502080030
502851896
552459191
503336656
557131412
502253108
502508319
555520077
555520077
502290235
502290235
502185572
502186299
502259840
502259840
512067882
512067882
557131412
502257546
502045071
506111466
557578357
502255199
502255199
512064701
502254249
515155656
505289516
556402404
503195315
504077704
558914107
506304603
554201706
557852277
552935717
705803585
506208332
557843171
506810355
502054025
503962277
502255613
503196836
552009721
502459669
502256574
505921128
507537737
557779451
502041262
502955281
504806455
503327445
503970121
552219440
502187236
503122007
502153141
503885144
555926797
558093130
557895246
503977113
552473345
555441991
503481707
507948023
774921191
556645662
519079039
502428221
702033414
503559745
513425616
557840586
502058002
552253963
502438003
512072431
558681806
507780667
556402400
556263050
552738661
506304603
552935717
559802069
503483070
502255613
503196836
552009721
502459669
502256574
506888669
557779451
507004005
552255767
504466132
552215651
503122007
503885144
555926861
503327445
702877717
559040023
503481707
706150042
702033414
502438002
504833938
502096084
503970221
505349413
515990596
513882948
552042652
555550666
503851632
502259617
502259617
552009958
502249463
708565347
555813006
505744740
502876061
512740517
502740817
505122230
505122230
552852258
502468686
502332828
515950555
557774587
557538949
558308384
776777666
503883247
503854422
555902796
503854422
512055492
556254450
515136227
505540689
558256360
503942154
507515257
502845464
554501861
554556038
504063883
554250844
505301095
509799878
554251250
705609959
552657393
508320747
557548337
506719585
502916363
502821368
552105018
557170945
503344797
503120921
559697173
506650319
503193560
504097252
503543344
556678084
702512606
702512605
506829151
552250229
506811570
506811570
506435032
703022302
503334233
503497124
558671026
556263050
556263050
555331971
555331971
552983289
502414554
552031003
504980476
517771067
502003079
506765535
502456555
502144560
503054055
505545955
503338836
556088968
503855339
515320881
557051199
555333222
555333222
504055840
552027008
552027008
553479072
507909617
554253022
552036300
507317173
503837880
503035004
554300885
514036090
514036090
557321854
559941124
519580459
505699517
555052444
774401222
502252694
502252694
556128309
556205443
552423858
707298955
707298954
506896114
504244023
553037641
507959761
502324401
