554250314
554250267
552527020
505923374
552505465
552505465
554250299
554861030
554250403
503618881
554505216
509900799
552250553
552250553
503445461
554250805
554251672
554250427
554250427
554250501
502255138
554251239
502255145
502256530
554251959
554251959
554250115
504505315
552005778
552990367
552256792
502256792
503022053
503022053
552624204
552624205
555776114
504748656
552506612
506690282
706428300
503936844
508275741
503364731
506306507
507260230
503779971
518464012
507550663
505320470
502256788
552640818
552503249
552563249
503892212
705747353
558903911
558903911
554251463
554250706
554250706
514058778
552508376
502082276
502256293
502256293
554255005
502570767
554252178
554252178
552296181
552051848
503497449
552506625
555503138
554251997
503465425
503901938
517260195
502504169
557534590
555317003
555317003
556899693
556548096
558621002
552261120
554110774
552506104
553479337
555557420
555559610
554252044
556737271
506696536
552206702
554251288
506325246
552132399
553331403
556503491
556503491
554251800
554251800
554503775
554503775
503505179
518067678
552501669
555361563
554251404
702011334
552253845
552253845
502509950
502159064
554256776
503621814
553720060
553720060
554970460
552503954
553331463
552459155
552255623
502108016
555826775
555826775
506240855
504277122
552557538
503632520
503555156
552005188
556844220
557960017
504996759
504996759
554250981
553110981
555507271
702660310
503346160
557836233
554251687
554251687
554251962
505869949
554250740
554250740
506645573
506645573
519968486
505331148
553331593
553267776
553103776
552258397
554918809
554251121
503307389
554250850
554250850
554250113
554250113
554251466
554920297
554253242
552536404
506307637
503201242
552581242
503514140
505512159
554256035
555250284
552501378
702011411
554251702
552990633
552550976
552256297
504998280
502256355
552254851
557803723
552509951
502213457
552256195
503163639
502050630
503614142
554250399
552501694
503354361
552050945
552456150
502253071
552025999
552259679
502250364
503394618
503394618
552253506
552253506
553002450
507499395
502501863
552508362
552003809
554253275
502505468
502505468
554250457
503892427
554250415
555556713
552507538
503669548
552614050
555901825
552505442
557657788
502505409
505580565
553400655
557919130
552508175
552250430
554250065
552083202
502257917
502046006
554251295
554250655
503362837
552256794
559910273
552027710
552022810
554251274
518809912
554250149
559628106
554252576
552982927
553003126
553003126
555559788
553539453
558210033
554252835
554900935
554251820
552233049
506726628
506326031
557609518
505414662
553409663
505350376
518502654
552292801
552292803
557834797
507834797
554251232
513160380
506728303
506728303
558108034
558108034
503634327
552210976
503716947
503716947
505960163
505960163
507782551
518951710
513308062
513308062
503915528
554252230
555502327
503942193
552582458
506134318
553314663
703171926
557454534
518200016
504712223
506415145
554250246
508412125
503778085
516885157
503325056
557932971
503480985
506654638
502108832
557273127
503476512
557918489
552770489
552550986
505033014
557881984
557881984
502010133
502242354
554250396
552550541
552252197
558510717
507884185
556066231
709091800
703119115
554252127
553115300
552253556
552254852
506164980
518772250
552254035
502103051
554253332
507647060
554505103
552182526
502254013
503411028
506720153
554252775
552940234
557081313
503534997
552008517
552258517
552554037
502759559
505326078
506805038
554251459
503453344
552258523
552578523
773142023
505112777
503347390
504433506
554253027
706214909
504020912
553101384
506835463
557893205
557349105
552214873
559697535
557924655
504540414
504540414
554250622
553990131
506854699
506127030
553110619
553110619
556032210
557738953
703557311
554251701
554251701
552258749
513338700
504106550
507500476
554251634
554251634
552507947
552258442
552258742
558901734
554253254
503778183
554251499
554251499
502550328
505327782
552256214
554250259
555609026
554252210
502959670
555770776
557571836
554450820
554253447
502210044
554253728
552255380
552003709
552003708
558162782
558162781
554253347
556618919
558187003
507964189
553104189
552130266
553112406
554251862
554251862
505363106
503549980
503760045
553106929
558296604
506121427
552253564
552256284
552652124
552652127
552216631
554402782
553070905
553070905
557787543
556500881
503963846
557622398
552254302
552254302
554253200
555604575
555604575
552256422
554251650
554253601
554251674
552003418
552003415
506345355
554251884
552254278
502325290
502325290
502256768
554252079
555196709
505594174
552020651
505431985
554251998
503163198
504755713
505324057
553170150
553170150
503617574
552009257
503613767
556134412
557086785
556446858
556446858
518496967
502050692
503384406
502550174
503885894
502028600
554803575
557412354
552086468
556603715
502157752
502254165
552256230
552256230
502256896
557761510
552259080
554252343
558012359
503377399
503200735
505964679
506301503
506301503
554251887
502509672
554253351
552269390
552004671
554251990
557004343
554253433
506600641
555559801
554253262
502320762
502320762
553338372
554043551
553112192
557697908
554250528
552332800
554250576
554250576
502258524
507932223
502444818
502351345
558296435
552259013
552259013
552258829
559720202
554252585
558201289
502424666
502546155
552505478
552265266
554250409
552029315
552234783
552234783
552508348
503636036
554979920
516676226
557745107
552509013
503885241
503885241
502105676
558684745
505794763
504233367
554253544
554253544
503196556
503573757
554553699
554553699
554252159
554251566
555799711
506116607
552005103
552005103
505990204
558488998
553333741
503306759
554253876
554253876
554252227
503369369
502259273
552259273
503709849
504738009
554250420
502259741
503193299
557196948
556670258
554251590
702116666
503705508
552145510
554251158
554251158
557538632
554253286
503993010
507400416
554250763
554250763
553183344
552075223
552411982
556450828
557717232
557043971
554251611
504775949
503141897
503220289
553956677
556369840
503876898
503876898
503895895
503895895
557039584
553120185
552252236
554502713
554502713
706442701
507803019
552258753
552553695
552553695
554250413
507117303
557323208
506849703
506849703
552200369
502201169
554251587
557993220
503696085
505841943
505344532
552654532
552050985
552050985
552050636
554250265
554339515
553955445
507555517
554251685
552050682
552050682
505407807
518285774
506820474
506820474
557137914
552352593
502253085
518944482
556659755
552285505
552556633
556535755
557510466
557720987
506455477
702440606
552241919
554253960
503893199
507008063
558102463
554251549
552125000
557360817
554294781
554250460
558111667
557750077
557750077
554811150
557890524
507194774
557374959
552530161
554430661
503213433
503897770
502253279
554251236
554933960
555000333
502006535
557972120
552504184
772771407
513410521
557651564
554251636
554250044
554250044
503161135
554250448
554502993
557864862
557187620
553181661
553181661
554252310
503838423
554505963
554505963
503711371
554251814
556262278
556262278
504291577
559155169
506447909
506447909
506884384
506884384
503205060
505533699
557010743
506923232
504304303
557664600
506654655
557209918
557209918
556682030
558787849
552286118
505036366
553109810
557216882
505366679
504409946
556253377
556253377
503978793
503318074
504608074
506879041
556395645
557957376
552003725
552003972
552003970
503618129
513611972
556513589
772190222
553974747
506358155
554250577
552251578
555607701
552501374
503115335
554440810
554440850
506630702
505039963
552998772
552660372
552993560
557681005
557892770
554253170
557011134
557653222
505131629
518857629
503663122
518625109
556549808
559041608
506455746
504005546
557142227
558261777
552553625
506336964
552580036
554506627
502242208
502086645
554250247
552258205
503247071
506325673
503659880
556500472
506602378
506602378
557882264
554709984
553903575
554286465
519731363
505562326
502508395
502505543
998999654
552254826
502325288
503355800
554250351
552508329
552005667
502093173
503282298
502310225
506727999
504076135
556800696
509688454
557601043
516609587
554252542
556757818
557774252
555497601
505147545
556598930
557612717
557120260
552991349
552045422
552041281
557025508
503446262
506649725
506649725
703070414
554250595
554250595
503991128
505434199
503153418
507427768
557650080
553002380
552012964
554250910
503808390
552253490
552234019
554251422
504098706
504098706
552553662
553031031
502501863
554501847
554900504
554900504
554250414
503374736
554251830
556272763
552506278
557170550
558993535
552105343
552105343
556113319
554252855
553114332
553332015
557898995
557898995
505979088
557938024
557938024
553753595
556175556
552550869
507661666
554501352
554501352
553106568
553106568
554250024
554250024
502501380
554251514
552336572
553053759
557506688
557506688
506301874
515547774
553107316
553104085
557691817
557691817
553085566
552615343
554253932
558908905
505989970
505989970
554000459
503662419
556251769
554202616
552254032
503932844
503932844
553993924
553993924
502164868
557801540
554250407
503515675
503515675
554250388
553353888
554252340
554250151
554252104
554251694
506363661
554251458
506145708
506302044
553236400
505787777
505787777
554502074
772011419
554011220
554252735
552208998
554251275
557318497
515142212
515142212
557571135
552099412
554040473
503930344
555187312
552240276
993211102
505830133
503443456
557164080
556174696
503219074
554251561
557530513
557530513
503720779
503720779
556127091
514440657
556353429
552988404
506333259
504804694
502019958
502508696
557475070
506690189
552057780
552260801
552250801
557359036
552477602
506643073
506643073
503144488
502144488
552509934
503930593
552036305
503331985
556597010
502410560
554251510
554503266
502222750
502052075
556605576
559034600
554254522
552233861
552233861
558615873
558615873
502230504
557376033
552614880
558555362
558555362
556741293
552200194
556834500
556834500
555581028
555581028
506870157
554252844
554252088
503446981
557873809
506484087
557148472
558223104
557096725
505375597
557865310
557865310
507414029
506562225
557515502
506364248
557473555
558558388
552607574
552607574
503563395
552224072
554251788
503340616
554550533
552506208
552506208
557776222
553945516
555554445
506157200
555621504
557725096
506242050
506242050
502220187
503244554
503720115
552015530
505163650
557464998
557396671
557396671
772771089
772771089
503771311
554252826
557868811
557868811
552560370
559021858
556420901
505249567
504923069
555201287
503739600
557434370
703710300
554251101
555712271
554251637
557100772
506132900
554251676
556845599
556845599
552334377
505989595
554250838
515107952
515107952
554253111
506821909
503234241
553110590
553110590
506351535
552161988
554251409
552600421
554253001
519157764
554251898
515818074
552553607
554250542
554250542
554252111
554252111
503252472
503247256
555558374
507218074
553995424
554451023
552367060
555037060
554251676
557846630
557846630
553704646
554052727
554252818
554253934
552553674
554251107
552251109
506531952
505376747
553674727
556021030
556021030
503616051
503183774
505199339
505949339
556542311
506484915
557882199
556166454
504421950
504421950
557452585
552352508
504212104
504212104
557395053
558722193
504190820
519611244
504998916
503273496
518954294
776076271
557929829
558491855
559688698
559688699
502321130
502648101
503573151
503917373
503917373
552509931
552557562
509889039
772011502
552233164
552233164
556578590
556578590
553301805
552656228
506464659
554441130
503863990
503863990
518740128
518740128
557170107
775218296
554252656
518927887
506763641
553167031
552556779
552354577
554250553
556623972
506146447
506145447
552556729
502250314
554250371
503643013
554250433
554250433
552556402
554250080
552258608
554250623
554250623
555473767
552094349
503319973
552261900
552261900
552644469
554441866
554441866
554251802
502718140
506642202
552015508
993520277
552202855
554250820
554251025
553333542
552459134
507507584
552231687
503689308
552557682
502259868
554250848
554918189
554250276
554251362
506680189
552501381
502458880
552351394
552351394
515220403
515220403
554250412
554250506
557759385
505925107
506243124
506243124
503007226
502409026
552336240
557696690
554945006
557092829
557092829
556813618
506975897
554253649
513425534
552259924
552259924
503644686
503644686
505771719
518771719
556825606
556825606
555740398
555740398
554251532
557182655
552553653
513882205
552507541
502556971
503051991
554250440
502106419
505665884
503431888
552250181
554251464
552657556
505230071
552451647
554251299
504250107
554252207
513103337
708018590
558280557
554251560
559413270
505308034
514045459
553305588
553305588
553533007
554250144
552451669
503864462
552227723
502636701
519081889
552300256
554253301
552553622
552098479
552451632
552095368
554251966
555896521
518737852
554253272
552356246
552356246
552504726
503192093
554250079
506706768
552451699
552225064
505945221
553051066
554253213
554400790
503339853
504275262
506115869
514922130
503535841
555387885
552224479
557981690
706688051
554253373
503110120
554253371
554253371
505347414
515139272
503615251
552615627
556130127
556130127
504044994
504240121
507910450
703246951
555346610
502257465
555453411
555453411
504271661
559709070
558941693
558941693
557907076
553057076
507435618
552945617
557904080
557904080
503662899
703662899
557062113
703093387
556577705
556577705
554000613
552456102
557335378
552250731
506306507
554251303
502108824
553341179
554250432
502252877
554250661
503160304
552451682
502501290
552454681
552451681
554250397
553395096
554616677
554251455
503411787
503524397
555552810
506406430
503570355
552095914
506720106
503993007
552623381
552263556
557503092
556100119
556100119
552552620
552552620
702608188
702608188
505377343
519327343
553490064
553111697
553111697
558582363
558582363
505196562
505196562
558482260
558442218
557140311
557140311
554252192
554494950
505566634
557086634
555709636
555797221
554793113
505432414
557757649
557304166
557602381
559437682
506735435
555364354
552474477
552474477
502210004
552459110
552233862
556460394
505363671
505544734
559040031
707328321
702312181
702500599
506723376
556723376
556174341
552572711
553205120
553205120
504224982
555507220
557960119
552013850
554796522
554796523
503466933
505860038
557160553
505282853
554251261
557703323
557507345
556332021
554855584
556570044
556570044
556461679
556461679
502025858
502929555
505977435
556539510
552619510
507132025
507132025
553148360
552645101
557201188
503664911
553331337
559911337
553180005
552280411
556466007
553596988
555603043
555603043
505371772
555657460
554114604
554114605
554250031
552451043
505358110
703108110
552057725
558646949
502507964
505473407
554252026
506781310
554251585
558850072
553331329
553331328
552260633
555551284
556938870
514486987
503973738
554154528
556538860
556538860
504968698
504968698
552099406
558974825
554257100
554257100
556401373
557347270
557224993
552940650
552014074
552014062
506327488
552283633
702220181
558700715
556651798
559691631
503635439
552085606
557699898
552660185
505575806
557302216
555502623
552626110
552625195
556466556
554097097
554503795
557656050
555438457
554250330
555635200
554250066
554025398
552258714
554250157
519845312
557445104
552785875
557515277
557515287
505526283
503726366
505721570
554252115
503714721
507320376
554250366
505667760
504234125
554251419
554251419
555591928
554251741
554251741
554453367
506051989
554250163
554250163
504517693
557756823
552503957
552503957
505727222
557858373
703120020
703120020
505867718
552256051
552660997
552660997
554253580
506608045
555365599
552349176
557965229
552252508
557131412
553038208
503146055
557722227
554253868
554730009
503666573
507363096
555800078
555041191
556086809
502257526
557910619
505190656
505190656
554250189
507312083
558873981
554552309
557369425
557369425
554253310
554253310
506490142
515597577
558574495
553362198
554250228
502087855
555196709
552240886
555508986
554409449
552022508
557310031
506775664
502013148
553001851
502252579
557132108
554251640
554503799
505310721
505769278
505769278
503899258
553896462
505298079
558816633
555511858
556088581
507809188
556198835
555941984
555941984
507931717
554226679
557605068
555222208
709383823
505004454
554251895
554252858
553154898
552293727
552294647
703466089
702008106
503352191
552632750
506499457
555710901
557036761
553109636
518280929
555304620
552050955
554253085
554250150
505119792
503081196
506309926
502502486
507220801
554251411
557674152
556769232
506641477
556449064
503463923
503463923
554253732
506865762
502025996
705788848
552777475
773067193
506645713
553335713
503766781
552654504
503027575
553977197
557386640
555752521
504657521
705273521
555502209
517268247
553732873
553105082
505354459
552644459
556225577
556225577
558791965
556767965
506265088
506265088
506768715
559023803
554251533
502505125
552348057
502818821
506111671
554250338
558528392
556123713
506107570
503634351
557555517
552250251
552250251
554251881
504529020
554251988
552202065
554250334
504149030
554250470
504070789
503153111
503495769
502093173
554251992
554251992
554250390
554250107
502509907
502127897
554250064
503496437
557124965
554895050
558776580
554250582
558021475
509900888
503692182
554250987
552263634
556033191
553055359
554908188
552578188
554252805
554250426
554253026
557206672
502006454
554250369
505891234
515528341
557481806
557481806
552256577
505650347
505356899
555500819
507466243
515174244
554699690
555211990
707208820
707208820
557322550
552661175
552771185
503643147
558317076
503220575
505165575
503480869
554317033
707286860
552626860
556112207
556112207
505339414
503625849
556553533
558995225
556650187
552003854
552247131
554120131
556823008
552503008
552083810
552083810
554217904
554217904
517547457
517547467
506872747
505153417
503257918
552181183
504663639
505711744
503100478
554250572
553125415
553125415
554253905
555432737
558412345
505662085
503972947
552257926
552507568
503014010
509889919
554250478
502959059
502008494
505170991
503505129
554253886
506642615
552050638
552050638
555558008
503669659
503369659
557535814
503849250
503887567
517064962
517064962
554803062
552352594
552504866
507750551
552254016
502107073
503646079
558022913
558022913
553330855
503545504
503886562
552284385
553336022
553335422
505120778
552664567
552224064
556121588
557346737
553330827
552028680
553106068
506619662
552208241
552096720
505536462
552250993
552250992
552414188
552057599
557923949
553331866
552003884
507398307
557130999
505964414
553709696
555557248
507500171
503257453
554252640
502259067
505488855
502557539
552103794
552103794
559025488
502503782
554503782
503008847
503008847
552356270
552356270
552356289
553107005
552356299
506376299
552356271
552356298
775485896
552356296
504260001
555907918
506763585
552356294
552356294
505838065
552356258
552356295
555470040
552356274
502356274
552451659
553669824
554253037
505157739
502250203
502508172
554250513
554250513
506885549
554250526
505602400
555227199
555227199
552200553
553820684
554253835
554252327
556441077
554250543
502184495
554250574
554250503
556697819
503665129
503808074
553753489
553547377
554250556
554250556
554250608
554253431
506309926
556212130
556021267
552266756
503642670
552998950
553002068
553002069
553268617
556233809
558686984
558617188
557439398
554252852
554252852
552241816
702142959
557052916
552550073
552370047
552370047
709426449
552130409
556615626
552615626
557399397
557399397
556842845
558316953
505219899
552263356
503812365
553102676
503850674
503850674
504077374
515691819
556489348
553111578
552657291
552657291
554250626
554250679
559111109
554250605
707717727
552578639
552621766
554250672
505400402
554250446
554250446
502254870
554251700
503343303
554250598
552104078
507590688
502000613
506134379
506740469
554252150
513940500
554251429
554251429
554251004
552646462
992921313
504013868
552004134
505572491
552990397
518207154
507160292
506678432
553109928
552073330
552073335
552020692
552120692
556366532
553320085
559939085
552280783
552097890
556973206
558470605
506253452
505128060
553120486
552565886
552003661
552003779
555551772
555551774
553102129
505086629
505180133
554251189
552990613
552254035
506804454
552629529
505375597
558507800
558507800
556248631
556248631
556353529
556353529
556754099
552574099
706310186
552050186
553679995
703679599
552314666
552314666
558860581
558860581
552012054
552012052
555605855
553053105
557451044
554644815
552996364
705558217
552433929
503250008
505022282
507011959
503351681
554250762
554250762
702482807
503806524
554253569
553159625
554250782
505392053
556744484
558500740
509949464
555902434
503821787
508821108
517034999
554253099
554251932
708822827
558006713
552441281
554251040
515270995
503081047
503455348
503033779
555184555
554251680
554252635
557089305
772775999
505976923
505976923
558711853
503691745
559523915
554253105
552597080
503130000
554252827
507177644
552277696
557971698
554868428
557160014
553233222
554252110
553513113
554251975
552988221
552205500
558311341
506120793
554252101
553116570
557613563
555537992
554250819
554250819
706811622
554252100
554250780
554252071
504829925
554250771
554250814
554250814
503523213
556763307
554251244
554250795
554250795
502255322
554250849
552251906
556299012
554250812
553010502
554250832
503006938
554250847
555059803
554250833
554252015
505661018
514004242
503747445
702707887
556920340
557706561
554251174
554250933
556414343
503637363
554250909
554250909
555551268
556808885
553110971
506475979
552135665
552062231
505524190
504216606
555553947
555553947
556598887
558225547
552030780
553106004
552572927
555502927
555090908
555090908
506854333
556344333
555124388
552333796
552024345
555210420
555210420
552049490
504656685
503731952
552211952
505518611
502550789
557994338
557994338
558544283
554441021
553812939
552299912
555788206
507788880
507788880
504551720
515858353
553606606
505429961
557354550
553397560
505647271
552057271
703704799
703704799
504300691
557527356
557511308
503848423
552616174
557476532
554275543
554275542
556767064
555701056
518986750
552572028
557560551
557560551
552313107
552313106
503299237
516369150
558634733
558634733
706379724
709372171
507225331
505184713
552218410
519405002
554252275
553169958
552591015
552591015
557730443
503303405
552298252
552578252
507307096
552250254
552250254
554250233
553430335
552451687
552451687
554251124
506302939
506121203
506121203
555998841
558443004
503066096
558223733
554250117
554250117
556210332
552056454
702503519
553686462
554252374
554252374
503201020
552099245
504159095
555907598
502256868
518502264
554250807
552880995
554251133
553310001
773463037
553269670
776003362
505179353
555558450
555558450
709900094
554893979
503843837
503503562
553001435
553001431
502504947
554839777
558669090
556940331
502210138
502210138
552242460
552242461
556321648
552021648
553335946
503334272
552308180
503275458
503276040
555470598
706046340
553104120
503188027
506799252
557175181
555343011
557028104
555556402
558952435
505949282
556026764
556026763
556291658
556291658
556354423
556354423
557151973
552299298
552299298
552041713
505183773
554110880
554226746
503436879
556471728
554251095
558888885
503468387
553147873
503998407
503998407
556353310
553922033
554251185
502891990
557943637
557692839
554251199
557630711
552503769
502254558
554908012
503192173
502250532
502250532
554253590
502453548
555501134
555501136
503702800
507605650
557351030
505590065
505535069
517469186
557079692
505166106
552457577
552572674
552258726
505375672
552191702
507441014
557584954
552870046
706423535
515421621
558685780
506269577
554127414
552027414
553510011
553510011
555654366
555654366
553048729
557066764
552121035
552121035
505232329
554253162
702711020
557949855
557949855
554883556
554883556
555001189
554251271
552164711
554250690
502630230
502121809
502122841
503409615
553917230
554250737
502254434
505144545
503354667
503350500
503545755
557733888
555622962
554251909
502359488
552634093
558285000
554251335
506820783
554251679
702767980
554251325
552251324
518480888
502552560
552225187
505268590
554256768
552579859
552579859
503230101
503320210
554251771
554251771
558150572
513186325
506284000
504502099
552339017
553000556
554252023
554252629
552003649
504419779
552551918
555240027
552099447
554252024
554252024
505198336
553101322
554251055
554252554
513660580
558716116
552003675
552995811
505207603
703780010
502500999
519082075
553309138
502157303
554253224
554250918
554785682
552024451
556712071
555646879
555646879
552030146
555777630
505536025
552742228
503634241
557892858
557892858
554253500
557224400
558999589
502184823
554251401
507159057
554251396
514111770
554251385
553102610
514596035
515843785
503769333
554252304
554252154
554251855
554251855
506736776
515723366
552909876
556419589
505269682
554252607
502114487
554100180
554100180
554253650
554253650
554252804
554252804
554251889
555031792
554251370
506256331
555508000
557969292
552364635
507831717
552641889
518779277
557057886
556548675
552612461
552142461
552578357
552578357
507687203
504233642
552077335
514793923
559791543
557350636
554868517
557112758
553112758
556101136
556101136
556410330
554783986
556186776
559417501
555270009
555270001
557392888
557580503
556808008
556808008
557690970
553330970
553083138
553083138
503694757
556044663
554253949
554250781
512298462
554006404
502253983
506490999
554251441
554251441
554251283
502950292
556117189
556738218
552459114
554252191
502870222
552129001
552239001
502096925
505285182
505285182
518471751
506324710
504626927
555747893
556546363
554253231
519934549
502251826
558722685
553330870
553330870
556232283
515064541
506261336
506261336
554554235
553114490
552060236
552060236
555639979
505893680
552355883
559994799
772195277
552012230
707470770
554253124
557204862
552252605
552504632
554251522
515233022
554253036
503862939
504256084
557701133
554250278
554251539
554251539
506879925
554250088
507068505
554251652
505127556
554251630
556503703
556503703
502303086
502303086
553345595
553345595
503205906
503820024
555017375
705017375
553146945
553570581
553161822
553161821
552687778
552687778
553686301
553686301
557487677
557487677
552312222
515618164
504150504
554251319
557478675
558451573
559490925
504793228
554258880
518305766
557678379
705278052
557001001
558240991
552592059
552592059
556554480
554251697
554251697
506123197
553101220
554251683
554251683
558512076
505101551
506137763
554251945
554251734
503034008
552778522
505181920
555614782
552525902
552525902
554499299
556181676
556760860
556760860
506697534
555293334
556850072
556850072
702040978
553617148
709041733
557122059
556122070
556122070
505749484
772235020
553109984
552579395
503335255
503335255
557444186
555551287
555551257
556320303
505924648
556134010
558073780
552244583
552244583
557939599
559292725
555142472
555142472
554948752
554948752
552202523
553058690
555868121
554185733
553220046
505854245
554391523
507471710
552245004
552992133
553301858
514030565
557783314
559102277
554251766
505710877
554251635
503132501
505697788
554251797
554251797
518105610
554251412
504300692
556572565
507827645
503443168
504268813
504759915
557936702
554251221
555555466
554251838
554253524
557650619
554252605
503767274
553109816
504379339
505584842
554253700
508866677
505949449
505919449
505989893
554246518
507765154
504534379
519846996
557261622
554534758
557144066
554252365
553148672
554252688
554252688
502740885
503764355
559490971
505014647
504886776
504966006
556353766
553124125
557668838
557668838
507501626
777453545
519844448
554275744
505011205
504465760
505692248
516408418
554253342
518110119
558295703
554252595
502516686
507151232
552457217
558401147
554251810
553121530
707468645
502024255
503624251
503667350
555510262
557777718
554252022
554251844
559747475
702808140
558705849
502222034
515133202
557599959
553466687
555503252
555503318
553109778
552181182
557179395
504044605
509812789
505225675
505225675
556483355
555507625
552578286
553165369
553165369
557418892
557418892
555232703
555232703
553159843
553159843
558566593
707160290
558950930
558950930
503808464
503808464
709076181
553150336
557262991
558863125
557783646
555064020
555594748
552348986
554916167
553104908
552308904
552308904
707514868
504093228
504093228
553183364
558677462
557351673
557351673
503346114
552346114
552208944
514522632
506168990
519574141
504413848
503829493
554253035
554253035
554250644
503519720
552253028
552253028
554251476
552661135
503280946
554250431
554250437
554250437
505594015
554251661
554251949
554253602
504819787
554250550
554250550
504305712
552614985
503626884
502188897
554252720
557351073
553041159
504982677
554253877
557812345
554251977
503541843
502558148
502558148
554252074
556350041
557609809
505666828
503995243
504278625
553476646
559149416
552301080
552301080
557075372
557075372
507172464
558626274
553167186
553167186
503931545
554638336
555300292
519935599
555823359
516730092
516787388
516787363
557593009
552064888
553115903
556011522
555071329
554460707
559502244
703326707
556838975
703089796
556095268
553165268
552159260
709662966
707304008
505421363
502803949
552049515
558946003
556696939
556696937
513234065
513234065
506671177
516630206
552241448
552241448
552619738
557048896
507935355
702330525
553110575
502052085
502052085
706324443
556140039
518101225
503707291
556798551
503875057
553115750
707888583
506102466
506474898
708696968
552108157
505793536
502021988
558308399
552652983
557748008
505926073
557068672
557068672
555876208
556285701
559463264
557777803
554927616
556635373
513451004
554227294
557026246
557020841
556651205
556651205
552268560
553699870
702031100
553425599
773612625
554253646
502030382
554251626
554900982
554253220
503372633
506326437
554253530
506365572
554503754
554503754
703337877
506538876
505250104
554253100
503146630
505727220
503125753
506449290
506449290
553050010
503543144
502150750
519141029
515060060
558429281
552676108
507604617
557883827
558545347
554251092
558156354
777602606
507812811
503151846
558044004
558044004
553109550
553109550
554252511
556526454
554253115
554252112
557105555
557105556
554252202
554252202
507770117
554252651
552028374
552028374
515025026
559515031
706025530
557141723
558713859
706843760
706843760
706422008
706422008
553134777
554124774
555557865
705444534
774343413
552087938
702600670
554053863
558713336
505234079
554927980
552095697
552095691
559016124
552440751
558056342
517358808
556655455
503525700
706226080
556308227
556308227
703386424
558829236
506247491
556569034
556013220
557111172
557606018
554252753
505238174
554250011
518141313
503939217
708618017
507623446
502013808
554251282
553141579
554251943
554251281
503966471
554251388
554251388
502556008
506311339
502000168
502000168
555935550
515941191
503936636
554251878
558514746
502452920
504146484
503593660
554250336
503376666
502726229
505363637
502632021
558681806
515155656
507629131
507629131
554253070
553114043
554252526
503860360
503505026
554252929
556737345
556737346
556351560
555616141
556396141
554478515
554156186
556416414
556416414
703274462
703274462
552095599
553308386
552620265
552620265
502270171
554204554
554793229
554793229
556105153
504505657
502869846
502869846
557989733
552402530
557162864
559348574
557910898
515768292
515850451
552022324
702032324
557507060
709993039
552051523
517600761
554359707
514001199
513593909
702591316
552146731
555542628
556864550
554094032
558956165
558956166
556690944
556690977
502000654
552000654
558219901
552620991
504647879
557346928
517383866
503991919
507196934
503532126
703030370
703010370
554253533
554252552
503273027
503683456
555901498
506159015
706159015
502135232
509933715
554252300
554252300
517439126
517439126
554253055
503443450
554679970
554679970
557077005
709568873
504959904
502848477
554410550
554400550
554252532
503126545
505953085
556205111
554252920
554253303
503505828
503141521
519909909
519909909
503301853
554252677
556651528
554252624
554255233
704040690
503407898
505101616
503751618
517847732
502043477
505702370
505566700
554252721
554252721
554253335
503775044
504902821
555922791
555922790
556558504
555141405
554550990
507060000
519671741
554261300
504423084
505881092
554253365
554253352
518807753
557380879
555036674
555036673
556162691
556162691
552339939
554253497
503622019
554254015
553129482
503129482
514031835
773626333
775525015
505090088
554225193
554253593
552252551
503387060
554253600
503119093
554252824
503258818
554914759
554022229
519176706
554252922
554253299
502300904
502300904
554253043
507982278
558764874
502100058
554253526
557878866
554252939
554252959
554253696
557697717
554253323
518302838
517937710
554253448
554253810
554253810
554253592
506893750
512063906
554253277
506610019
506610019
554253345
702011735
702802264
554253922
556725485
556725485
516943983
516943983
505392558
505392556
516325977
552763149
557946157
516324077
516431877
553815762
508623641
508623641
552940844
517729601
709039387
552574847
702211414
554252125
554442231
503032634
512290815
502357527
502500708
502289682
552740117
772711149
503309183
552109738
502624222
552282959
512339728
502466568
552115858
512409757
555016131
553374545
512067575
512708545
512409703
512409708
777220290
708236409
552232211
555858080
552161946
504491818
502914022
777111720
553257732
506753934
507010577
512702649
772508784
516990708
705487575
556975565
708808894
502848085
503584845
702304758
504765041
553864444
502424446
505518061
556463551
553904220
552108678
997760652
514800595
512708589
504151657
556430252
707525065
505442354
502333923
504899038
502642949
512335781
512407686
502754808
504428906
504773277
513300621
558943600
557060393
558557041
552461393
515666025
505106407
505538843
553494066
554603422
504507442
503348811
512335770
508992030
702062246
556799464
559589746
506495696
552775836
557710386
776101061
707545035
552162617
555868332
558190668
556414698
554391169
559933089
703605752
775995410
514441811
554010210
513841108
552430297
775303959
505117577
558491584
702712230
512335771
512409750
502681188
507002024
502509393
502642959
516114347
553747973
775780900
553007789
708874001
702385151
555552294
505905955
503349757
502219183
507493400
509954813
512335768
512339735
553503300
512409753
558983223
775685868
513380805
777271272
503463708
503432677
555777116
503141707
553929405
512522273
555421968
709551664
502656517
505320194
507497281
512335780
519091010
504789751
774551918
502451997
557784529
505208810
503194303
706509347
502642972
502642967
512409740
559835455
507332945
503522578
707835403
502642957
512708570
559095248
502642968
558816559
557028846
773335953
773022525
554256287
552924442
502099005
556686491
518857636
555268326
557156661
556228530
558156451
773188807
552038831
557835383
706069300
512708598
556631331
554472448
554480062
703533332
553289786
773233252
705219696
555075929
512708598
559346143
776260085
706040203
558185885
559197876
502642998
502642962
552576037
705431737
703934422
503669639
513879472
507030201
518167979
552955292
504985503
558967177
508742422
552191530
512708582
555798979
502433436
557115512
503377977
706466702
555808747
552054942
998284402
558688979
773933838
553051041
505561456
703030366
505290102
775225323
503139270
704550990
515710345
516165799
509911014
505771720
707157670
557660936
703540412
557420575
512708549
505148408
777545559
706154526
557327626
552189342
554183848
556071533
773179121
514547279
507251322
705961310
777274929
553694477
558393239
776111021
512409742
706743137
557730464
505280508
775659998
555198592
775870266
512708591
709153696
702656783
512708591
552220320
702281400
504948894
503509317
504967363
552408478
702870655
709010001
709513384
775580805
707752323
558951107
554703756
558680961
553626529
702371411
775073030
558540400
702221112
708878857
555315731
555671304
775863636
552003310
508919617
557692727
518995757
555055362
556828200
506228647
504487091
707218484
556881151
505142360
555256565
555043149
558514711
555751150
707502018
703817182
557473116
774696906
504261681
777384243
552901055
556006737
554525203
773135939
708969608
708403291
512298181
512523387
702574911
705858553
502280541
502642996
776364544
552457913
504334576
552041412
505124017
706485303
503502355
503053902
703500537
504581168
552262808
702050094
554400767
777141543
775100071
708327707
556391520
703632663
552226228
703836801
706117998
707381582
515597173
706712488
702483878
557528730
555430207
557740707
705626985
775424112
708653800
556357370
709666675
708052446
553334562
556298281
552998213
703100313
556555962
706445724
554924303
556305929
517529848
557500358
702245553
517614007
772090998
515281255
776004561
553356818
504963104
557936206
708685954
706603312
705505574
707171780
552646425
704337356
506270473
706064252
515246066
507980033
503353403
556353061
558364909
773104036
553972767
557512326
555437781
777408090
517185578
504510347
515667213
503138411
706445724
553044014
503245340
505011891
552871177
512708553
502642969
504357030
512407674
553556685
504829090
558779666
556008123
709061063
708998484
555564882
503340787
559997144
559908309
557201651
708632383
559383618
705669971
556335841
552297977
504963104
554782764
706724025
993303316
508560417
709777734
503077521
552075957
556131079
775608808
707900083
506531779
554621485
554804162
504577724
706027258
709363618
706553459
503812286
517845669
558553234
552578774
559997229
504958186
102504828
557009484
557006040
559102155
513115112
518053783
502642954
504554423
556137276
558293638
703714403
515662253
503670259
773029386
553541895
776362775
775885393
503628547
503308382
557542150
516901505
512708586
552464848
503897222
514770545
559461085
508502802
557960838
705776277
708815577
555429899
503902700
553064999
505592607
552140623
559905144
707501636
503026510
705854243
703313110
702821043
705592044
506232024
993873735
556607428
775131976
505711520
559729000
709422385
773330223
513662626
506232024
702608515
777317137
552091364
709545315
702504850
505960082
556635787
703632499
777686988
503033566
703271847
702912101
703246272
552519006
999210101
559194904
512409705
514042686
516963700
519881303
504971960
553525258
505950441
557097520
775058484
706857401
513602700
706316161
503517792
708679876
999040202
708487901
776112722
555902346
703269699
504654835
703007085
555210101
559222887
506264595
558644346
704983929
705122108
774088708
702655570
507229070
558500581
772503550
509817591
507611335
555715205
707307222
505012276
508550195
505751150
505701517
505609331
558688238
506755202
512068018
553660441
703155377
556850174
703070836
703514054
556567331
502642985
708752464
512409731
507470002
553219773
707505430
512708573
506333682
506674215
503698046
708410941
997688898
998556171
552611353
507535556
555665900
512052424
553017567
504442530
556018104
555886599
514155310
556453748
519097117
557001113
504766377
558233968
554952353
706841989
552790565
508402515
514009861
555501626
558141663
507345207
705046749
505625983
507614949
554709997
992878686
773538043
504675247
992878686
556224465
556826504
553404335
503241817
553359179
992234455
553437200
556003212
777222050
556340068
512522256
512322206
506803486
502030033
512804865
512708559
512804864
556366183
553094610
703868968
512522268
706834305
557003155
703899742
557379953
559508560
503175038
512708579
504012080
993201648
998959050
502002427
557872819
503792100
518637502
704401464
557173837
708573035
518163057
556980168
774148715
506602316
517731719
506322794
555634977
559586666
706327781
503584845
507859977
556853104
708708858
706676868
554528342
554868033
773051000
559920305
512339736
705613105
556554101
518610600
502642984
512407679
512708561
512409704
512708563
512708590
512708569
519179585
512409716
557496614
506792522
506847729
558026909
503964132
512409718
555801140
772172328
557235523
504280429
552678747
708709695
555095852
775792179
506824445
505022695
777153187
705281463
553118847
507290302
504577978
705310135
707258646
777307222
517737363
774020292
773047819
555777091
708603828
503229690
553003097
505010905
513887588
555159139
553740937
515100525
504918101
555907484
558383858
556252621
502116550
555580824
552208690
556201022
554958811
552202103
109087412
558750880
705323222
558008840
556521719
555338385
515764201
553042246
557824203
502860191
504031283
504247262
552101288
504043737
552337095
554250309
502256253
503503505
556431354
503799906
507833310
502451088
555107296
507246406
505447266
552620099
505504180
513254260
516416171
504558106
552385333
503399179
506205000
502006585
553790812
502253574
512068500
555880889
512068501
506278708
503647298
504577062
504993144
502836318
503337778
502770475
555050687
555050633
555050688
706360579
555050579
559409439
555050679
555050680
557236779
555050579
508758767
704776661
555050685
559996720
703530776
509826216
504474715
702103733
558788720
506638946
702011822
512557864
508988827
508988827
507125550
507125550
508049868
508049868
508320669
508320669
508988803
514157737
515357396
503560539
503560539
509632695
505789596
515002346
503170336
559504242
503990144
503990144
503156135
506252511
518477796
555765834
502114381
502114381
502114381
558558392
504466664
774309309
506725747
504187181
513110523
502630295
505428409
507370008
513555586
513474707
513474707
558940201
508003198
508003109
508002935
555323969
507831971
507831967
505542235
503112929
503112929
503311119
503311119
514660664
514000950
506142322
559318999
502124420
502124420
508427888
503556635
503556635
502127377
503808891
519889998
502075083
502990998
508686779
554250060
773447744
502121662
502109304
502109304
554784553
508427864
555777699
502332299
502772299
557779915
557779915
557846424
507276335
507276335
503541407
505775534
505775534
505010503
702011187
505700356
505825289
508427870
503773135
702040058
702040058
557450997
503275990
503275990
558664333
558554023
507002504
709550499
709550499
504613141
503611660
553271552
502003355
508427819
503395848
505500009
503417078
508427800
552502991
555426946
554250498
506342689
553106354
552556499
557707440
502501649
554251194
503926113
508427830
554560514
506462046
503990598
554665252
552505476
502358724
558285453
552802840
512151837
502108972
504211039
505144976
506878911
552259238
552250678
552250678
502229905
552508791
502877218
559264947
502996375
552056874
509991182
557217777
502877218
502166311
518868423
554250060
557217777
502001700
554252010
552056874
505325150
552328030
518868423
552050617
505946694
502223453
553120473
553322687
557846424
503838311
553008899
558694543
507454754
504482640
777183035
993815762
775880834
512068445
502874982
506883449
503102209
777675747
777675747
554432888
554432888
557923274
557923274
556062448
515008575
515008575
554255233
518312442
506858050
506858050
507909001
502104012
552254278
773200052
502125414
502125414
503345112
515979331
502050310
502106955
502800505
504492233
707033301
505974793
505974793
559175523
559175523
554251244
556758859
502283586
502348812
552259220
555900811
502164151
558804558
552926053
507220213
515154948
503668949
504803412
513303477
502280573
554253444
514405659
554077622
555303356
503308271
504868183
506613306
504868183
506613306
506613306
506613306
502459767
503949373
502718378
502455272
512069063
502400841
502657203
502635543
502541765
502875598
503755316
502785712
505229104
502304171
513900884
512400300
514144224
512449324
507509099
502838889
503362796
502453750
502453750
506881388
555121555
518500058
552012358
503559299
505366360
509881420
556044691
503140916
502875710
552171058
503140916
553257312
702222884
515889297
506220429
513703440
506762187
503431796
519407865
503533913
518203198
502352187
502558275
502296054
502296053
502859561
502299667
502891930
502859560
505973487
559440456
502299651
552202073
552133080
502292666
507899909
552091712
552091710
552057995
552554404
708035644
512070377
707370040
502684541
512070379
552641844
502701111
507051626
502719481
774500045
515106056
552533537
557559906
557559906
552440087
552660087
503895962
502033398
502786255
502899869
502290930
518504919
502785150
502257811
512913081
502837677
502819697
502785121
552132838
556478172
512065939
557954505
502512389
502512389
502503504
502503357
554522656
552958696
552958696
555555072
502554471
502554471
506305252
506305252
519151220
505548693
505548693
557333370
502836008
502836008
502251669
502251669
559398853
555617243
555617243
552254577
775505046
775505046
556717744
556717744
512327923
512327923
512327924
512327924
503522352
552221655
513285541
513285541
553355105
553355105
557452399
557452399
502277747
502277747
552129161
552129161
556906060
556906060
503583532
503583532
502688937
502688937
503688872
503688872
707806666
707806666
519818809
519818809
703957095
703957095
553315612
777555322
777555322
505747905
505747905
505987183
509609602
504338862
504338862
519319553
505568266
559025622
555257503
555257503
559698952
775241703
552058404
557019119
557019119
502512370
504656570
504656570
502649110
502649110
502649113
502649113
502136887
552951991
503480395
503480395
557299799
502287828
502287828
502033190
502874084
502874084
552011160
552011160
505475009
505475009
507245415
507245415
502033283
502033283
503801281
503801281
502503561
502504672
502504672
506440506
506440506
512505363
512505363
502236367
502236367
502508597
502508597
502236331
508989810
502555738
502555738
502537257
502250281
502034025
502034025
506409200
559362927
503196050
503196050
502132164
502132164
502505748
502505748
552995953
552995953
558715844
558715844
502891325
502891325
557979796
515231000
502558259
502558259
508222213
508222213
502505942
504700745
504700745
557303369
557303369
502503061
502503061
502250179
502250179
503059535
503059535
512072678
503525810
503881828
503881828
502253660
502253660
556798131
503500290
506677588
502512390
502512390
503040123
503040123
502831108
502831108
554244294
508843815
508843815
503113292
503113292
502871969
502871969
506473003
506473003
502917567
502917567
512058956
512058956
554704378
554704378
503426606
558993472
558993472
552661106
503969495
517551077
512299487
512299487
502187135
502187135
559552858
513303477
503210890
502817274
502817274
513898585
513898585
502871979
556168510
502182710
503781097
502231213
502231213
502823409
502553775
502553775
513656580
516776207
502184384
516378904
502507798
502507798
519401488
519401488
504352603
504352603
502250182
502250182
502554494
502554494
502011044
502011044
502503370
502503370
502519699
502519699
502865649
502865649
507345665
507345665
502554795
504838194
503520903
503520903
503229901
503229901
502039991
507755230
507755230
502558995
505800025
502006069
502006069
502686367
502686367
505111141
504493309
503589394
503589394
504794606
504794606
506754268
506754268
505930014
505930014
502509049
507412347
507412347
502187180
502187180
502119319
503715592
508802050
508802050
502877287
502877287
556674365
552802188
502823411
502823411
502503502
513035119
553207575
553207575
502120229
502114467
505701050
503413669
505557778
553851767
553226265
516939158
553804174
502557557
554440140
707377086
502241057
554911288
552687208
503202186
503202186
512522245
512522245
502134092
502134092
503674022
513333344
773003344
997817778
997817778
502927522
703927522
502927522
504506633
502891245
517469870
519673307
519673307
702367690
702367690
559398853
505682211
709247273
709247273
552923442
502559788
555468638
505744724
505744724
513325578
513325578
556547525
505833888
502262428
552170959
553601941
553601941
514402513
514402513
505267687
505267687
556122132
556122132
557333669
512331802
512331802
502503986
502503986
512522238
504120215
513603838
512522230
555187314
504778526
504778526
553545421
553545421
775934477
775934477
502184361
515172323
555767165
502639873
502125220
502125220
556494901
505498900
505498900
515985384
504704400
504704400
513739330
513739330
514338740
505500901
505500901
707316687
517078817
502998606
502998606
507528946
507521213
513443364
513443364
502056569
502056569
508500568
508500568
555441343
512327917
512327917
512522246
512522246
512331808
518480707
518480707
556369444
515267795
512060889
512060889
776422119
776422119
773004575
773004575
505350301
512331804
502927546
502927546
502009083
502916302
553833963
504295660
514660714
514660714
512522240
512072689
502230897
502230897
503907314
503907314
518449492
502927518
502927518
502206712
503206362
503801381
998765400
518790286
555226049
509914664
509914664
503967004
519593525
516099624
502957188
559175944
559175944
555367169
556364711
515788802
515788802
559810508
559810508
506698982
506698982
519406439
555057579
502502279
506268624
506268624
516205664
516205664
518535294
505362479
502206222
502206222
708622298
556067815
556892949
556892949
552998868
552998868
506729577
506729577
508080111
508080111
503380393
503380393
554474774
554474774
502649112
502649112
503625023
503625023
557701123
557701123
502132165
502132165
557110035
557110035
502507785
502507785
502054092
502054092
502054092
555913249
502502246
502502246
503445050
557700030
502689074
502689074
705339963
705339963
502631396
503019125
558419110
556309244
556309244
505186939
505186939
502236289
502236289
502503282
502927501
502233157
502233157
553523535
502929793
502929793
505499687
505499687
502553530
507856652
502023575
557198390
557198390
557431079
557431079
557612800
518038822
518038822
502034010
504170047
502558224
502558224
502505740
502505740
502554479
502554479
504248117
504248117
507190700
507190700
513906070
513906070
502125036
502125036
557612477
555450325
555450325
515033442
503339167
559210758
502682908
502682908
554561851
554561851
556993135
556993135
502504108
502504108
502508334
502508334
519371037
519371037
502872127
502872126
502951771
505308016
505308016
555711700
555711700
556937117
503136102
503136102
502554253
502554253
502851823
502851823
502503066
503830311
556013001
503221991
503221991
504374334
505498900
505498900
502035374
502035374
512331800
512331800
512331800
552027008
552027008
503339600
503339600
503664472
503664472
506431750
506431750
555803580
555803580
502033171
502501478
502501478
553161314
557936386
556615931
556615931
502505921
502550445
502550445
502121451
502121451
552459191
552459191
514283878
